           18145期足彩冷门排序：莱万特平局猜中比仅19%



冷门排序
　　北京时间11月05日，胜负彩第18145期冷门排序出炉。比利亚雷亚尔主场冷平莱万特全国猜中比例仅为19.22%。
　　
　　18145期足彩十四场冷门排序





   

足彩竞猜场次胜平负统计(百分数)18145期


冷门排序
场号
主客队名
猜胜比例
猜平比例
猜负比例
实际比赛结果


1
10
比利亚VS莱万特
59.98
19.22
20.8
1


2
6
桑普多VS都 灵
38.67
39.91
21.41
0


3
4
美因茨VS不来梅
22.99
28.35
48.66
3


4
7
帕尔马VS弗洛西
62.03
23.56
14.41
1


5
11
社 会VS塞维利
27.02
24.65
48.33
1


6
13
贝蒂斯VS塞尔塔
57.83
28.02
14.15
1


7
12
韦斯卡VS赫塔费
11.36
29.28
59.36
1


11
8
博洛尼VS亚特兰
14.5
20.79
64.71
0


12
2
切尔西VS水晶宫
78.25
12.97
8.78
3


13
3
门 兴VS杜塞尔
83.03
11.81
5.16
3


14
1
曼 城VS南安普
94.1
5.02
0.88
3







　　18145期足彩任九场冷门排序





   

足彩竞猜场次胜平负任选9场统计(百分数)18145期


冷门排序
场号
主客队名
猜胜比例
猜平比例
猜负比例
实际比赛结果


1
6
桑普多VS都 灵
40.85
39.2
19.94
0


2
10
比利亚VS莱万特
63.04
21.63
15.34
1


3
11
社 会VS塞维利
26.77
23.51
49.72
1


4
4
美因茨VS不来梅
23.71
26.74
49.55
3


5
7
帕尔马VS弗洛西
60.74
28.47
10.78
1


6
13
贝蒂斯VS塞尔塔
57.92
30.44
11.64
1


7
14
蒙彼利VS马 赛
32.66
34.12
33.21
3


11
8
博洛尼VS亚特兰
12.83
24.58
62.6
0


12
2
切尔西VS水晶宫
79.35
13.75
6.89
3


13
3
门 兴VS杜塞尔
82.47
13.53
4
3


14
1
曼 城VS南安普
93.69
5.54
0.77
3












