           2018体操世锦赛奖牌榜：中国4金排名第2 日本0金



刘婷婷获得女子平衡木金牌
　　北京时间11月4日凌晨，2018年第48届世界体操锦标赛在卡塔尔多哈收官。拜尔斯重新归队的美国队以4金2银3铜列奖牌榜第一，中国队以4金1银1铜列第二，不过中国队是唯一在男女项目上都收获冠军的队伍。俄罗斯队以2金3银2铜列奖牌榜第三。七支队伍获得金牌，17支队伍获得奖牌，日本队这次获得3银3铜，无金入账。
　　以下是本次体操世锦赛奖牌榜：




名次
国家或地区
金牌
银牌
铜牌
总数


1
美国
4
2
3
9


2
中国
4
1
1
6


3
俄罗斯
2
3
2
7


4
比利时
1
0
0
1


希腊
1
0
0
1


荷兰
1
0
0
1


朝鲜
1
0
0
1


8
日本
0
3
3
6


9
加拿大
0
2
0
2


10
巴西
0
1
0
1


英国
0
1
0
1


乌克兰
0
1
0
1


13
中国台北
0
0
1
1


德国
0
0
1
1


意大利
0
0
1
1


墨西哥
0
0
1
1


菲律宾
0
0
1
1




　　（新体）





