           新浪彩票名家双色球第18130期推荐汇总



双色球
　　彩虹：03 04 07 10 12 17 18 21 25 29 30 32 +11 14 15
　　
　　封金：03 05 08 12 17 19 24 26 28 31+09 11
　　朋哥：02 05 11 15 20 24 28 29 +01 05 12 16
　　红红蓝蓝：05 08 09 15 21 22 30 31 + 09 14
　　金拐： 02 03 08 16 17 24 26 31 04 + 10 14
　　彩宝：02 03 08 09 12 16 17 21 24 28 31 32 + 04 08 10
　　军辉：01 04 06 09 15 16 18 21 23 24 27 32 + 09 15 16
　　高手的姐：03 07 08 10 15 17 20 22 24 28 29 31 + 02 06 11
　　黑蝴蝶：05 07 12 13 15 21 23 25 27 29 + 10 11 12
　　以亦：09 14 16 18 25 26 + 14
　　红球龙头热点：02 03  红球凤尾热点：31 32
　　蓝球热点：09 10
　　名家推荐最热一注：02 03 09 31 32 + 09 10





