           红球断三区 双色球4注1372万+3注872万落6地



开奖截图
　　北京时间2018年11月04日，福彩双色球第18129期开奖，本期是双色球10亿派奖的第7期，一等奖派奖金额2000万，六等奖将有翻倍的机会！值得注意的是，本次派奖只针对复式投注和胆拖投注玩法，以下是详细开奖流程：
　　
　　21：15 双色球摇奖开始
　　21：18 奖号全部产生，本期奖号：红球02 04 06 16 18 19；蓝球16。
　　21：30 当期红球号码大小比为2：4，三区比为3：3：0，奇偶比为1：5。红球开出2枚重号06 19；1组连号18 19；2枚斜连号06 18；1枚隔码02。蓝球开出遗漏25期的偶数16。

　　22：20 本期头奖开出7注，单注奖金872万元，分落北京、辽宁、河南、湖南、山东、四川6地，其中山东揽获2注；本期为双色球10亿大派奖第7期，其中4注复式投注，单注奖金为1372万（含加奖500万元），四川、湖南1注，山东揽获2注。二等奖开出117注，单注奖金27.8万；末等奖开出888万注，其中438万余注将额外获得派奖金额5元。
　　当期全国销量为4.1亿元。广东（不含深圳）当期双色球销量为4010万多元，高居第一；浙江以3449万多元的销量位列第二；山东以2542万多元排名第三；江苏以2472万多元排名第四；四川则以2165万多元排名第五。计奖结束后，双色球奖池余额为10.1亿元。
　　本期一等奖派奖奖金为2000万元，全部派完；按本次派奖规则，下期复式投注中得一等奖按中奖注数均分2000万元。由于单注派奖奖金最高限额500万，下期彩民朋友将有机会4元中得1500万元。六等奖剩余派奖金额为4.38亿多元，彩民朋友切记，复式投注和胆拖投注才能参与派奖活动。





   

双色球第2018129期各省销售及中奖情况


省份
销售额（元）
中奖注数（注）


一等奖
二等奖
三等奖
四等奖
五等奖
六等奖
一等奖复式投注
六等奖复式投注


北京
13，200，916
1
5
32
2267
42893
283448
0
122841


天津
3，996，220
0
2
9
703
13766
89117
0
43390


河北
15，008，972
0
1
41
3217
44303
313802
0
163597


山西
6，632，054
0
0
56
1100
18990
143601
0
72505


内蒙古
7，893，214
0
3
26
1284
25959
160500
0
89067


辽宁
14，726，676
1
4
63
2677
51196
315371
0
149152


吉林
5，079，726
0
2
17
804
16589
107947
0
52463


黑龙江
8，515，792
0
1
22
1340
27662
168329
0
64777


上海
15，534，026
0
2
58
2485
52777
330838
0
155781


江苏
24，720，176
0
4
73
3706
71407
502894
0
224971


浙江
34，495，812
0
11
94
5715
105196
723293
0
344245


安徽
14，690，228
0
8
40
2190
45122
299764
0
148326


福建
14，389，858
0
10
30
1936
42446
285624
0
162664


江西
9，717，784
0
0
19
1147
26192
191715
0
118041


山东
25，429，070
2
25
104
4342
90249
572048
2
287566


河南
18，134，140
1
1
19
2216
46698
395942
0
217949


湖北
15，727，878
0
1
36
2200
45369
323664
0
163363


湖南
17，994，428
1
7
73
2755
55496
378933
1
206389


广东
40，103，160
0
10
189
7924
137906
897391
0
401871


深圳
10，972，100
0
4
34
1696
36262
244091
0
95795


广西
11，722，338
0
0
30
1544
33799
249578
0
123755


海南
2，159，422
0
0
9
383
7808
48510
0
16773


重庆
9，605，076
0
2
20
1555
27425
216978
0
112143


四川
21，657，158
1
4
51
2496
57427
473207
1
254266


贵州
8，685，092
0
1
20
1507
27655
172274
0
80619


云南
14，905，156
0
3
44
2353
48622
321202
0
149952


西藏
973，708
0
2
4
215
3631
27249
0
15551


陕西
12，969，224
0
3
36
1843
37974
271249
0
140454


甘肃
5，830，126
0
1
18
952
19023
117510
0
61060


青海
2，208，246
0
0
4
286
6629
41256
0
20746


宁夏
2，823，400
0
0
3
291
6388
50247
0
22604


新疆
7，779，510
0
0
12
1001
22527
169225
0
103955







　　当晚其他玩法开奖号码为：
　　福彩3D第18301期最新开奖号码：926（查看详情）
　　排列三第18301期最新开奖号码：901（查看详情）
　　排列五第18301期最新开奖号码：90175（查看详情）





